7
A B C D E F G
23
2
80 228 1290 1405 805 1450 24
0 0 582 574 155 1570 308
17 9 455 193 112 1564 246
0 0 0 0 0 0 0 360 360 360 0 450 0 405 405 405 270 405 270 405 270 405 270
0 0 0 0 0 0 0 480 480 480 0 600 0 540 540 540 360 540 360 540 360 540 360
780 780 845 720 720 960 0 480 480 480 0 600 0 480 480 480 360 480 360 480 360 480 360
0 0 0 0 0 0 0 480 480 480 0 600 0 480 480 480 360 480 360 480 360 480 360
0 0 0 0 0 0 0 480 480 480 0 600 0 540 540 540 360 540 360 540 360 540 360
780 780 845 720 720 960 0 480 480 480 0 600 0 480 480 480 360 480 360 480 360 480 360
0 0 0 0 0 960 0 480 480 480 0 570 0 510 510 510 330 510 330 510 330 510 330