7
A B C D E F G
23
2
32 252 821 801 909 1180 1079
0 0 1045 0 308 1143 0
5 2 225 95 100 820 291
0 0 0 0 0 0 0 360 360 360 0 450 0 405 405 405 270 405 270 405 270 405 270
0 0 0 0 0 0 0 480 480 480 0 600 0 540 540 540 360 540 360 540 360 540 360
780 780 845 720 720 960 0 480 480 480 0 600 0 480 480 480 360 480 360 480 360 480 360
0 0 0 0 0 0 0 480 480 480 0 600 0 480 480 480 360 480 360 480 360 480 360
0 0 0 0 0 0 0 480 480 480 0 600 0 540 540 540 360 540 360 540 360 540 360
780 780 845 720 720 960 0 480 480 480 0 600 0 480 480 480 360 480 360 480 360 480 360
0 0 0 0 0 960 0 480 480 480 0 570 0 510 510 510 330 510 330 510 330 510 330