7
A B C D E F G
23
2
649 162 264 748 789 3114 549
0 0 334 0 0 1594 315
5 3 172 89 45 778 268
0 0 0 0 0 0 0 360 360 360 0 450 0 405 405 405 270 405 270 405 270 405 270
0 0 0 0 0 0 0 480 480 480 0 600 0 540 540 540 360 540 360 540 360 540 360
780 780 845 720 720 960 0 480 480 480 0 600 0 480 480 480 360 480 360 480 360 480 360
0 0 0 0 0 0 0 480 480 480 0 600 0 480 480 480 360 480 360 480 360 480 360
0 0 0 0 0 0 0 480 480 480 0 600 0 540 540 540 360 540 360 540 360 540 360
780 780 845 720 720 960 0 480 480 480 0 600 0 480 480 480 360 480 360 480 360 480 360
0 0 0 0 0 960 0 480 480 480 0 570 0 510 510 510 330 510 330 510 330 510 330