set Prod := A B C D E F; #products
set Mach := multi mono; #Bottling lines
set Time := 1 2 3 4 5 6 7 8 9 10 11 12; #months

param resa: A B C D E F:=
multi 0 205 191 195 167 188
mono 278 0 265 0 0 0;

param turni: 1 2 3 4 5 6 7 8 9 10 11 12:=
multi  63 57 69 54 66 63 63 66 63 66 63 54
mono  63 57 69 54 66 63 63 66 63 66 63 54;

param turni_max: 1 2 3 4 5 6 7 8 9 10 11 12:=
multi  63 57 69 69 78 75 78 78 78 78 75 69
mono  63 57 69 69 78 75 78 78 78 78 75 69;

param Stock_iniziale :=
A 3259
B 669
C 499
D 2539
E 808
F 2233;

param Percentile: 1 2 3 4 5 6 7 8 9 10 11 12:=
A 14613 13357 16474 14292 17427 18306 19899 19074 16769 11357 13822 10656
B 4916 5413 6542 5549 6300 5470 4687 4292 4229 4994 4936 4507
C 3758 3461 4146 3434 3910 5940 5964 6336 3248 4665 2959 3024
D 1832 2235 3259 3011 3313 4417 4815 3900 3510 2207 2839 2110
E 1652 1417 1477 1365 1758 2685 2398 2107 1531 1795 1101 1121
F 516 593 698 683 874 902 1144 868 636 544 500 494;

param obiettivo: 1 2 3 4 5 6 7 8 9 10 11 12:=
A 3000 3000 3000 3000 3000 3000 3000 3000 3000 3000 3000 3000
B 1500 1500 1500 1500 1500 1500 1500 1500 1500 1500 1500 1500
C 850 850 850 850 850 850 850 850 850 850 850 850
D 1400 1400 1400 1400 1400 1400 1400 1400 1400 1400 1400 1400
E 650 650 650 650 650 650 650 650 650 650 650 650
F 300 300 300 300 300 300 300 300 300 300 300 300;

param Costo :=
multi 48
mono 40;

param Costo_extra :=
multi 62.39
mono 52;

param pen :=
A 17.39
B 30.43
C 10.87
D 13.04
E 10
F 8.69;

param over :=
A 1
B 0.74
C 1
D 0.43
E 1.08
F 0.34;
