set Prod := A B C D E F; #prodotti
set Mach := multi mono; #linee
set Time :=  2 3 4 5 6 7 8 9 10 11 12; #mesi
set Time2 :=  3 4 5 6 7 8 9 10 11 12; #mesi2

param resa: A B C D E F:=
multi 0 205 191 195 167 188
mono 278 0 265 0 0 0;

param turni: 2 3 4 5 6 7 8 9 10 11 12:=
multi  57 69 54 66 63 63 66 63 66 63 54
mono  57 69 54 66 63 63 66 63 66 63 54;

param turni_max: 2 3 4 5 6 7 8 9 10 11 12:=
multi  57 69 69 78 75 78 78 78 78 75 69
mono  57 69 69 78 75 78 78 78 78 75 69;

param Stock_iniziale :=
A 3767
B 1540
C 851
D 1417
E 857
F 3990;

param Percentile: 2 3 4 5 6 7 8 9 10 11 12:=
A 13381 16787 14335 17847 18694 20142 19393 17577 11446 14148 10841
B 5459 6652 5641 6521 5544 4734 4340 4252 5042 4966 4546
C 3493 4362 3470 4026 6526 6425 6545 3273 5044 3001 3244
D 2273 3521 3058 3424 4779 4859 4083 3633 2236 2842 2223
E 1436 1490 1381 1767 2980 2587 2133 1589 1860 1128 1150
F 600 714 734 882 945 1170 879 651 566 525 527;

param obiettivo: 2 3 4 5 6 7 8 9 10 11 12:=
A 3000 3000 3000 3000 3000 3000 3000 3000 3000 3000 3000
B 1500 1500 1500 1500 1500 1500 1500 1500 1500 1500 1500
C 850 850 850 850 850 850 850 850 850 850 850
D 1400 1400 1400 1400 1400 1400 1400 1400 1400 1400 1400
E 650 650 650 650 650 650 650 650 650 650 650
F 300 300 300 300 300 300 300 300 300 300 300;

param Costo :=
multi 48
mono 40;

param Costo_extra :=
multi 62.39
mono 52;


param pen :=
A 17.39
B 30.43
C 10.87
D 13.04
E 10
F 8.69;

param over :=
A 1
B 0.74
C 1
D 0.43
E 1.08
F 0.34;
