7
15753 15756 9398 646 6597 9410 15934
23
2
681 178 958 1172 316 3167 234
0 0 299 0 218 1453 537
8 4 256 106 104 1200 298
0 0 0 0 0 0 0 360 360 360 0 450 0 405 405 405 270 405 270 405 270 405 270
0 0 0 0 0 0 0 480 480 480 0 600 0 540 540 540 360 540 360 540 360 540 360
780 780 845 720 720 960 0 480 480 480 0 600 0 480 480 480 360 480 360 480 360 480 360
0 0 0 0 0 0 0 480 480 480 0 600 0 480 480 480 360 480 360 480 360 480 360
0 0 0 0 0 0 0 480 480 480 0 600 0 540 540 540 360 540 360 540 360 540 360
780 780 845 720 720 960 0 480 480 480 0 600 0 480 480 480 360 480 360 480 360 480 360
0 0 0 0 0 960 0 480 480 480 0 570 0 510 510 510 330 510 330 510 330 510 330